18
31
32
36
7
73
82
77
83
42
131
146
134
113
163
161
188
175
202
173
127
208
168
218
164
273
276
213
245
283
314
344
247
357
323
317
319
382
398
18
31
32
36
7
73
82
77
83
42
131
146
134
113
163
161
188
175
202
173
127
208
168
218
164
273
276
213
245
283
314
18
31
32
36
7
73
82
77
83
42
131
146
134
113
163
161
188
175
202
173
127
208
168
218
164
273
276
213
245
283
314
247
357
323
319
431
425
373
447
494
498
586
604
590
18
31
32
36
7
73
82
77
83
131
134
113
163
161
173
273
32
131
134
18
32
131
134
113
163
161
173
273
18
31
32
3
128
158
170
315
0
1
4
9
15
19
24
27
33
39
46
47
72
79
88
96
95
111
128
140
145
155
156
162
166
175
183
181
182
194
197
196
200
198
203
206
207
208
211
213
215
218
227
233
238
243
258
266
268
271
274
275
292
295
300
304
310
313
314
316
321
323
324
326
328
331
339
338
347
407
409
421
443
456
457
460
461
473
476
486
489
490
495
502
518
522
527
530
534
531
544
549
562
563
529
568
572
578
575
588
596
607
606
614
618
621
625
636
640
648
649
662
665
670
671
674
669
675
673
678
684
686
685
691
692
693
697
695
699
709
712
726
732
743
750
752
757
784
791
797
835
844
853
852
860
891
917
927
942
959
960
988
1004
1017
1024
1036
1040
1046
1076
1114
1137
1141
0
1
4
9
15
19
24
27
33
34
39
46
47
72
79
88
96
95
111
128
140
145
155
156
162
166
175
183
181
182
194
197
196
200
198
203
206
207
208
211
213
215
218
227
233
238
243
258
266
268
271
274
275
292
295
300
304
310
313
314
316
321
323
324
326
328
331
339
338
347
407
409
421
443
456
457
460
461
473
476
486
489
490
495
502
518
522
527
530
534
531
544
549
562
563
529
568
572
578
575
588
596
607
606
614
618
621
625
636
640
648
649
662
665
670
671
674
669
675
673
678
684
686
685
691
692
693
697
695
699
709
712
726
732
743
750
752
0
1
9
15
4
19
24
27
33
34
39
46
47
72
79
88
96
95
111
128
140
145
155
156
162
166
175
183
181
182
194
197
196
200
198
203
206
207
208
211
213
215
218
227
233
238
243
258
266
268
271
274
275
292
295
300
304
310
313
314
316
321
323
324
326
328
331
339
338
347
